 *****************************************************************************
 *****************************************************************************

  Bound-free Gaunt factors for Hydrogen for all n states up to n=30.
  Created 22-Nov-1996: Based on summing HDYCROSSL (n,l) rates.
 
  Format N, # of data points.

 *****************************************************************************
 *****************************************************************************

 30                 !Maximum principal quantum number
 145                !Number of values per cross-section
 0.0D0              !N_ST_U
 0.041392685        !N_DEL_U  (i.e. Ratio of 1.1 between frequencies)

           1         145
  0.7973015      0.8220492      0.8454862      0.8674471      0.8878047    
  0.9064735      0.9233998      0.9385525      0.9519162      0.9634873    
  0.9732710      0.9812806      0.9875358      0.9920630      0.9948945    
  0.9960680      0.9956270      0.9936199      0.9900997      0.9851241    
  0.9787550      0.9710574      0.9620999      0.9519532      0.9406908    
  0.9283875      0.9151191      0.9009621      0.8859937      0.8702899    
  0.8539267      0.8369785      0.8195184      0.8016175      0.7833447    
  0.7647666      0.7459471      0.7269469      0.7078241      0.6886336    
  0.6694267      0.6502519      0.6311542      0.6121750      0.5933529    
  0.5747229      0.5563172      0.5381644      0.5202908      0.5027192    
  0.4854701      0.4685610      0.4520074      0.4358220      0.4200155    
  0.4045966      0.3895720      0.3749465      0.3607235      0.3469046    
  0.3334903      0.3204796      0.3078704      0.2956598      0.2838436    
  0.2724170      0.2613744      0.2507097      0.2404160      0.2304862    
  0.2209124      0.2116868      0.2028011      0.1942468      0.1860152    
  0.1780975      0.1704848      0.1631683      0.1561390      0.1493881    
  0.1429067      0.1366860      0.1307173      0.1249923      0.1195023    
  0.1142392      0.1091949      0.1043614      9.9731028E-02  9.5296197E-02
  9.1049530E-02  8.6983867E-02  8.3092228E-02  7.9367839E-02  7.5804129E-02
  7.2394729E-02  6.9133483E-02  6.6014409E-02  6.3031726E-02  6.0179882E-02
  5.7453483E-02  5.4847334E-02  5.2356426E-02  4.9975928E-02  4.7701195E-02
  4.5527752E-02  4.3451294E-02  4.1467674E-02  3.9572909E-02  3.7763178E-02
  3.6034800E-02  3.4384243E-02  3.2808129E-02  3.1303193E-02  2.9866325E-02
  2.8494533E-02  2.7184948E-02  2.5934823E-02  2.4741523E-02  2.3602525E-02
  2.2515412E-02  2.1477873E-02  2.0487688E-02  1.9542743E-02  1.8641004E-02
  1.7780529E-02  1.6959466E-02  1.6176032E-02  1.5428532E-02  1.4715340E-02
  1.4034902E-02  1.3385734E-02  1.2766416E-02  1.2175592E-02  1.1611965E-02
  1.1074297E-02  1.0561403E-02  1.0072155E-02  9.6054701E-03  9.1603175E-03
  8.7357126E-03  8.3307149E-03  7.9444246E-03  7.5759846E-03  7.2245756E-03

           2         145
  0.8761851      0.8924541      0.9078503      0.9223932      0.9361071    
  0.9490196      0.9611595      0.9725553      0.9832337      0.9932185    
   1.002530       1.011183       1.019190       1.026556       1.033282    
   1.039364       1.044794       1.049558       1.053639       1.057016    
   1.059667       1.061567       1.062688       1.063006       1.062493    
   1.061125       1.058879       1.055734       1.051675       1.046689    
   1.040768       1.033909       1.026114       1.017391       1.007754    
  0.9972203      0.9858148      0.9735662      0.9605082      0.9466789    
  0.9321204      0.9168782      0.9010006      0.8845384      0.8675442    
  0.8500722      0.8321770      0.8139136      0.7953373      0.7765024    
  0.7574622      0.7382690      0.7189732      0.6996234      0.6802661    
  0.6609456      0.6417032      0.6225784      0.6036074      0.5848241    
  0.5662595      0.5479420      0.5298972      0.5121482      0.4947155    
  0.4776173      0.4608691      0.4444845      0.4284747      0.4128490    
  0.3976148      0.3827777      0.3683416      0.3543088      0.3406804    
  0.3274561      0.3146342      0.3022124      0.2901869      0.2785534    
  0.2673067      0.2564409      0.2459495      0.2358257      0.2260619    
  0.2166503      0.2075829      0.1988513      0.1904468      0.1823609    
  0.1745847      0.1671093      0.1599259      0.1530255      0.1463992    
  0.1400384      0.1339342      0.1280781      0.1224617      0.1170765    
  0.1119144      0.1069674      0.1022276      9.7687446E-02  9.3339406E-02
  8.9176208E-02  8.5190780E-02  8.1376255E-02  7.7725932E-02  7.4233353E-02
  7.0892230E-02  6.7696497E-02  6.4640284E-02  6.1717886E-02  5.8923841E-02
  5.6252845E-02  5.3699788E-02  5.1259745E-02  4.8927970E-02  4.6699904E-02
  4.4571139E-02  4.2537447E-02  4.0594757E-02  3.8739163E-02  3.6966905E-02
  3.5274375E-02  3.3658110E-02  3.2114785E-02  3.0641206E-02  2.9234314E-02
  2.7891178E-02  2.6608985E-02  2.5385035E-02  2.4216749E-02  2.3101654E-02
  2.2037378E-02  2.1021653E-02  2.0052310E-02  1.9127268E-02  1.8244540E-02
  1.7402222E-02  1.6598495E-02  1.5831614E-02  1.5099919E-02  1.4401818E-02

           3         145
  0.9075082      0.9201016      0.9320405      0.9433558      0.9540792    
  0.9642413      0.9738723      0.9830002      0.9916516      0.9998512    
   1.007621       1.014981       1.021949       1.028539       1.034764    
   1.040632       1.046149       1.051319       1.056140       1.060610    
   1.064721       1.068462       1.071819       1.074774       1.077306    
   1.079390       1.081001       1.082108       1.082681       1.082685    
   1.082088       1.080855       1.078954       1.076350       1.073014    
   1.068918       1.064036       1.058348       1.051836       1.044489    
   1.036300       1.027267       1.017394       1.006691      0.9951728    
  0.9828603      0.9697793      0.9559598      0.9414371      0.9262500    
  0.9104409      0.8940552      0.8771410      0.8597478      0.8419269    
  0.8237304      0.8052107      0.7864203      0.7674109      0.7482335    
  0.7289379      0.7095723      0.6901827      0.6708135      0.6515068    
  0.6323021      0.6132365      0.5943446      0.5756582      0.5572067    
  0.5390167      0.5211123      0.5035151      0.4862442      0.4693162    
  0.4527456      0.4365447      0.4207237      0.4052908      0.3902524    
  0.3756133      0.3613765      0.3475437      0.3341153      0.3210902    
  0.3084664      0.2962410      0.2844097      0.2729679      0.2619101    
  0.2512299      0.2409209      0.2309756      0.2213865      0.2121457    
  0.2032449      0.1946756      0.1864292      0.1784970      0.1708701    
  0.1635396      0.1564966      0.1497323      0.1432378      0.1370044    
  0.1310235      0.1252864      0.1197847      0.1145103      0.1094551    
  0.1046110      9.9970408E-02  9.5525682E-02  9.1269471E-02  8.7194599E-02
  8.3294079E-02  7.9561144E-02  7.5989209E-02  7.2571889E-02  6.9303028E-02
  6.6176623E-02  6.3186921E-02  6.0328323E-02  5.7595439E-02  5.4983068E-02
  5.2486196E-02  5.0099976E-02  4.7819760E-02  4.5641061E-02  4.3559562E-02
  4.1571118E-02  3.9671734E-02  3.7857581E-02  3.6124971E-02  3.4470364E-02
  3.2890368E-02  3.1381730E-02  2.9941317E-02  2.8566131E-02  2.7253304E-02
  2.6000079E-02  2.4803815E-02  2.3661986E-02  2.2572165E-02  2.1532040E-02

           4         145
  0.9247434      0.9352110      0.9451480      0.9545850      0.9635515    
  0.9720759      0.9801850      0.9879041      0.9952572       1.002266    
   1.008950       1.015329       1.021419       1.027235       1.032790    
   1.038096       1.043161       1.047994       1.052600       1.056982    
   1.061143       1.065081       1.068794       1.072275       1.075517    
   1.078508       1.081235       1.083680       1.085825       1.087645    
   1.089117       1.090211       1.090897       1.091143       1.090914    
   1.090174       1.088888       1.087018       1.084530       1.081387    
   1.077558       1.073012       1.067722       1.061665       1.054820    
   1.047175       1.038720       1.029451       1.019370       1.008484    
  0.9968054      0.9843537      0.9711522      0.9572292      0.9426179    
  0.9273553      0.9114824      0.8950429      0.8780833      0.8606522    
  0.8427995      0.8245765      0.8060344      0.7872251      0.7681995    
  0.7490081      0.7297000      0.7103229      0.6909228      0.6715435    
  0.6522270      0.6330124      0.6139368      0.5950347      0.5763379    
  0.5578755      0.5396742      0.5217582      0.5041488      0.4868654    
  0.4699245      0.4533407      0.4371263      0.4212914      0.4058445    
  0.3907920      0.3761385      0.3618873      0.3480401      0.3345972    
  0.3215577      0.3089196      0.2966799      0.2848346      0.2733789    
  0.2623073      0.2516137      0.2412913      0.2313330      0.2217312    
  0.2124779      0.2035648      0.1949837      0.1867257      0.1787822    
  0.1711444      0.1638032      0.1567499      0.1499756      0.1434714    
  0.1372286      0.1312386      0.1254927      0.1199826      0.1147000    
  0.1096369      0.1047852      0.1001373      9.5685519E-02  9.1422528E-02
  8.7341130E-02  8.3434343E-02  7.9695374E-02  7.6117642E-02  7.2694764E-02
  6.9420554E-02  6.6289037E-02  6.3294411E-02  6.0431097E-02  5.7693686E-02
  5.5076983E-02  5.2575953E-02  5.0185751E-02  4.7901727E-02  4.5719378E-02
  4.3634381E-02  4.1642591E-02  3.9740007E-02  3.7922785E-02  3.6187239E-02
  3.4529831E-02  3.2947153E-02  3.1435948E-02  2.9993080E-02  2.8615549E-02

           5         145
  0.9358164      0.9448734      0.9534801      0.9616647      0.9694540    
  0.9768738      0.9839480      0.9906993      0.9971488       1.003316    
   1.009220       1.014876       1.020301       1.025507       1.030508    
   1.035315       1.039938       1.044385       1.048663       1.052779    
   1.056736       1.060538       1.064186       1.067680       1.071018    
   1.074197       1.077209       1.080049       1.082705       1.085165    
   1.087414       1.089435       1.091206       1.092706       1.093908    
   1.094785       1.095305       1.095436       1.095143       1.094390    
   1.093140       1.091356       1.089000       1.086035       1.082427    
   1.078142       1.073150       1.067425       1.060942       1.053684    
   1.045637       1.036791       1.027146       1.016702       1.005468    
  0.9934585      0.9806919      0.9671926      0.9529899      0.9381175    
  0.9226130      0.9065174      0.8898751      0.8727325      0.8551381    
  0.8371419      0.8187947      0.8001477      0.7812520      0.7621582    
  0.7429160      0.7235740      0.7041791      0.6847764      0.6654089    
  0.6461176      0.6269410      0.6079152      0.5890735      0.5704470    
  0.5520641      0.5339504      0.5161292      0.4986212      0.4814447    
  0.4646158      0.4481482      0.4320534      0.4163411      0.4010189    
  0.3860928      0.3715670      0.3574442      0.3437256      0.3304111    
  0.3174996      0.3049885      0.2928747      0.2811538      0.2698208    
  0.2588700      0.2482952      0.2380893      0.2282451      0.2187549    
  0.2096106      0.2008040      0.1923264      0.1841693      0.1763239    
  0.1687813      0.1615325      0.1545688      0.1478813      0.1414610    
  0.1352995      0.1293879      0.1237178      0.1182809      0.1130688    
  0.1080737      0.1032876      9.8702766E-02  9.4311729E-02  9.0107165E-02
  8.6081967E-02  8.2229197E-02  7.8542143E-02  7.5014263E-02  7.1639255E-02
  6.8411000E-02  6.5323569E-02  6.2371239E-02  5.9548482E-02  5.6849957E-02
  5.4270521E-02  5.1805198E-02  4.9449209E-02  4.7197949E-02  4.5046974E-02
  4.2992018E-02  4.1028976E-02  3.9153907E-02  3.7363015E-02  3.5652660E-02

           6         145
  0.9436087      0.9516501      0.9592976      0.9665771      0.9735132    
  0.9801291      0.9864464      0.9924856      0.9982658       1.003805    
   1.009119       1.014224       1.019134       1.023861       1.028418    
   1.032814       1.037060       1.041165       1.045135       1.048977    
   1.052697       1.056298       1.059785       1.063158       1.066420    
   1.069569       1.072604       1.075522       1.078318       1.080986    
   1.083517       1.085901       1.088127       1.090178       1.092039    
   1.093689       1.095107       1.096267       1.097144       1.097706    
   1.097923       1.097759       1.097181       1.096150       1.094628    
   1.092578       1.089962       1.086743       1.082886       1.078357    
   1.073127       1.067167       1.060457       1.052976       1.044713    
   1.035659       1.025811       1.015173       1.003753      0.9915656    
  0.9786301      0.9649716      0.9506195      0.9356077      0.9199742    
  0.9037603      0.8870102      0.8697706      0.8520900      0.8340183    
  0.8156062      0.7969045      0.7779643      0.7588358      0.7395684    
  0.7202102      0.7008078      0.6814057      0.6620467      0.6427712    
  0.6236172      0.6046201      0.5858130      0.5672265      0.5488883    
  0.5308236      0.5130554      0.4956038      0.4784868      0.4617198    
  0.4453164      0.4292876      0.4136429      0.3983894      0.3835329    
  0.3690772      0.3550248      0.3413768      0.3281327      0.3152912    
  0.3028497      0.2908047      0.2791517      0.2678858      0.2570011    
  0.2464910      0.2363488      0.2265668      0.2171375      0.2080527    
  0.1993040      0.1908829      0.1827807      0.1749887      0.1674979    
  0.1602994      0.1533845      0.1467441      0.1403696      0.1342522    
  0.1283832      0.1227544      0.1173572      0.1121835      0.1072254    
  0.1024749      9.7924329E-02  9.3566291E-02  8.9393482E-02  8.5398808E-02
  8.1575371E-02  7.7916496E-02  7.4415699E-02  7.1066678E-02  6.7863367E-02
  6.4799868E-02  6.1870500E-02  5.9069756E-02  5.6392342E-02  5.3833123E-02
  5.1387187E-02  4.9049761E-02  4.6816278E-02  4.4682328E-02  4.2643670E-02

           7         145
  0.9494315      0.9567007      0.9636183      0.9702078      0.9764919    
  0.9824918      0.9882272      0.9937170      0.9989785       1.004028    
   1.008881       1.013551       1.018050       1.022393       1.026588    
   1.030647       1.034578       1.038390       1.042090       1.045684    
   1.049179       1.052579       1.055889       1.059110       1.062247    
   1.065298       1.068266       1.071150       1.073946       1.076653    
   1.079266       1.081780       1.084186       1.086476       1.088638    
   1.090661       1.092528       1.094222       1.095724       1.097011    
   1.098058       1.098839       1.099323       1.099479       1.099272    
   1.098667       1.097627       1.096113       1.094088       1.091512    
   1.088350       1.084564       1.080120       1.074987       1.069138    
   1.062548       1.055197       1.047071       1.038160       1.028459    
   1.017972       1.006703      0.9946666      0.9818804      0.9683676    
  0.9541565      0.9392799      0.9237744      0.9076804      0.8910413    
  0.8739031      0.8563138      0.8383226      0.8199801      0.8013370    
  0.7824442      0.7633521      0.7441101      0.7247667      0.7053687    
  0.6859611      0.6665871      0.6472875      0.6281009      0.6090633    
  0.5902084      0.5715672      0.5531681      0.5350369      0.5171971    
  0.4996694      0.4824723      0.4656220      0.4491321      0.4330146    
  0.4172790      0.4019332      0.3869832      0.3724332      0.3582861    
  0.3445432      0.3312044      0.3182687      0.3057336      0.2935959    
  0.2818515      0.2704953      0.2595216      0.2489243      0.2386964    
  0.2288306      0.2193192      0.2101543      0.2013275      0.1928303    
  0.1846541      0.1767901      0.1692294      0.1619631      0.1549824    
  0.1482784      0.1418423      0.1356653      0.1297389      0.1240544    
  0.1186036      0.1133782      0.1083702      0.1035716      9.8974817E-02
  9.4572268E-02  9.0356633E-02  8.6320773E-02  8.2457758E-02  7.8760847E-02
  7.5223520E-02  7.1839437E-02  6.8602458E-02  6.5506667E-02  6.2546313E-02
  5.9715863E-02  5.7009965E-02  5.4423459E-02  5.1951364E-02  4.9588889E-02

           8         145
  0.9539717      0.9606307      0.9669708      0.9730138      0.9787806    
  0.9842907      0.9895625      0.9946131      0.9994587       1.004114    
   1.008594       1.012911       1.017076       1.021102       1.024999    
   1.028776       1.032441       1.036004       1.039470       1.042847    
   1.046140       1.049355       1.052495       1.055564       1.058565    
   1.061500       1.064370       1.067177       1.069919       1.072596    
   1.075205       1.077743       1.080206       1.082588       1.084882    
   1.087080       1.089170       1.091142       1.092981       1.094671    
   1.096193       1.097527       1.098649       1.099533       1.100152    
   1.100475       1.100469       1.100100       1.099330       1.098124    
   1.096441       1.094244       1.091495       1.088155       1.084189    
   1.079563       1.074247       1.068212       1.061436       1.053900    
   1.045588       1.036494       1.026613       1.015948       1.004507    
  0.9923028      0.9793553      0.9656884      0.9513309      0.9363164    
  0.9206821      0.9044688      0.8877205      0.8704833      0.8528054    
  0.8347365      0.8163269      0.7976273      0.7786886      0.7595608    
  0.7402933      0.7209339      0.7015294      0.6821241      0.6627609    
  0.6434801      0.6243197      0.6053153      0.5865000      0.5679044    
  0.5495562      0.5314808      0.5137011      0.4962375      0.4791079    
  0.4623279      0.4459109      0.4298683      0.4142093      0.3989415    
  0.3840704      0.3696001      0.3555329      0.3418701      0.3286113    
  0.3157551      0.3032990      0.2912396      0.2795725      0.2682925    
  0.2573939      0.2468702      0.2367146      0.2269197      0.2174775    
  0.2083802      0.1996194      0.1911864      0.1830727      0.1752695    
  0.1677678      0.1605588      0.1536336      0.1469833      0.1405992    
  0.1344725      0.1285946      0.1229570      0.1175515      0.1123698    
  0.1074038      0.1026458      9.8088086E-02  9.3723111E-02  8.9543626E-02
  8.5542530E-02  8.1712924E-02  7.8048125E-02  7.4541628E-02  7.1187139E-02
  6.7978583E-02  6.4910047E-02  6.1975848E-02  5.9170477E-02  5.6488615E-02

           9         145
  0.9576260      0.9637886      0.9696583      0.9752557      0.9806002    
  0.9857100      0.9906020      0.9952921      0.9997956       1.004126    
   1.008297       1.012321       1.016208       1.019969       1.023614    
   1.027153       1.030592       1.033941       1.037205       1.040391    
   1.043505       1.046552       1.049536       1.052462       1.055331    
   1.058148       1.060913       1.063628       1.066295       1.068911    
   1.071478       1.073993       1.076453       1.078856       1.081196    
   1.083468       1.085665       1.087778       1.089797       1.091711    
   1.093506       1.095167       1.096675       1.098010       1.099151    
   1.100072       1.100745       1.101142       1.101230       1.100975    
   1.100341       1.099292       1.097789       1.095793       1.093266    
   1.090169       1.086466       1.082121       1.077102       1.071381    
   1.064931       1.057731       1.049765       1.041021       1.031493    
   1.021181       1.010090      0.9982315      0.9856209      0.9722800    
  0.9582356      0.9435189      0.9281654      0.9122140      0.8957075    
  0.8786907      0.8612108      0.8433170      0.8250591      0.8064877    
  0.7876536      0.7686072      0.7493982      0.7300752      0.7106854    
  0.6912743      0.6718856      0.6525605      0.6333383      0.6142559    
  0.5953472      0.5766442      0.5581759      0.5399688      0.5220469    
  0.5044318      0.4871426      0.4701959      0.4536062      0.4373857    
  0.4215449      0.4060918      0.3910330      0.3763734      0.3621159    
  0.3482624      0.3348132      0.3217674      0.3091231      0.2968771    
  0.2850256      0.2735637      0.2624861      0.2517865      0.2414582    
  0.2314941      0.2218866      0.2126277      0.2037093      0.1951228    
  0.1868597      0.1789111      0.1712683      0.1639224      0.1568645    
  0.1500857      0.1435771      0.1373301      0.1313359      0.1255861    
  0.1200722      0.1147860      0.1097192      0.1048642      0.1002129    
  9.5757961E-02  9.1491900E-02  8.7407544E-02  8.3497919E-02  7.9756215E-02
  7.6175869E-02  7.2750472E-02  6.9473840E-02  6.6339999E-02  6.3343152E-02

          10         145
  0.9606405      0.9663898      0.9718677      0.9770936      0.9820856    
  0.9868608      0.9914349      0.9958231       1.000039       1.004097    
   1.008007       1.011782       1.015433       1.018969       1.022400    
   1.025734       1.028979       1.032141       1.035229       1.038248    
   1.041204       1.044101       1.046944       1.049737       1.052483    
   1.055186       1.057847       1.060468       1.063051       1.065596    
   1.068104       1.070572       1.073001       1.075387       1.077729    
   1.080021       1.082260       1.084439       1.086551       1.088588    
   1.090539       1.092393       1.094136       1.095753       1.097225    
   1.098534       1.099657       1.100569       1.101243       1.101650    
   1.101759       1.101535       1.100943       1.099946       1.098505    
   1.096583       1.094139       1.091137       1.087537       1.083306    
   1.078409       1.072817       1.066503       1.059446       1.051626    
   1.043033       1.033658       1.023499       1.012562       1.000855    
  0.9883927      0.9751965      0.9612917      0.9467083      0.9314811    
  0.9156482      0.8992513      0.8823351      0.8649463      0.8471333    
  0.8289461      0.8104349      0.7916506      0.7726437      0.7534638    
  0.7341601      0.7147799      0.6953691      0.6759716      0.6566294    
  0.6373822      0.6182671      0.5993189      0.5805699      0.5620497    
  0.5437853      0.5258014      0.5081199      0.4907605      0.4737403    
  0.4570742      0.4407750      0.4248533      0.4093179      0.3941755    
  0.3794314      0.3650889      0.3511502      0.3376158      0.3244850    
  0.3117563      0.2994266      0.2874923      0.2759487      0.2647905    
  0.2540118      0.2436058      0.2335655      0.2238835      0.2145517    
  0.2055622      0.1969064      0.1885758      0.1805616      0.1728551    
  0.1654474      0.1583294      0.1514925      0.1449277      0.1386262    
  0.1325795      0.1267788      0.1212159      0.1158823      0.1107699    
  0.1058709      0.1011773      9.6681528E-02  9.2376232E-02  8.8254154E-02
  8.4308244E-02  8.0531687E-02  7.6917842E-02  7.3460288E-02  7.0152797E-02

          11         145
  0.9631765      0.9685754      0.9737210      0.9786315      0.9833241    
  0.9878147      0.9921182      0.9962488       1.000220       1.004043    
   1.007731       1.011293       1.014741       1.018082       1.021327    
   1.024484       1.027558       1.030559       1.033492       1.036363    
   1.039177       1.041940       1.044656       1.047328       1.049961    
   1.052557       1.055119       1.057648       1.060148       1.062617    
   1.065058       1.067469       1.069852       1.072203       1.074522    
   1.076806       1.079051       1.081253       1.083407       1.085507    
   1.087544       1.089511       1.091396       1.093188       1.094874    
   1.096436       1.097857       1.099118       1.100196       1.101066    
   1.101700       1.102070       1.102144       1.101887       1.101264    
   1.100238       1.098771       1.096824       1.094357       1.091333    
   1.087713       1.083464       1.078550       1.072943       1.066615    
   1.059544       1.051713       1.043109       1.033724       1.023557    
   1.012612       1.000898      0.9884301      0.9752286      0.9613191    
  0.9467316      0.9315008      0.9156648      0.8992653      0.8823467    
  0.8649558      0.8471412      0.8289524      0.8104401      0.7916547    
  0.7726468      0.7534664      0.7341620      0.7147813      0.6953701    
  0.6759723      0.6566299      0.6373824      0.6182672      0.5993189    
  0.5805698      0.5620495      0.5437852      0.5258012      0.5081197    
  0.4907602      0.4737400      0.4570739      0.4407747      0.4248531    
  0.4093176      0.3941753      0.3794312      0.3650887      0.3511500    
  0.3376156      0.3244849      0.3117561      0.2994265      0.2874922    
  0.2759486      0.2647904      0.2540117      0.2436057      0.2335654    
  0.2238834      0.2145517      0.2055621      0.1969064      0.1885758    
  0.1805616      0.1728551      0.1654473      0.1583294      0.1514925    
  0.1449277      0.1386262      0.1325794      0.1267788      0.1212158    
  0.1158823      0.1107699      0.1058708      0.1011773      9.6681528E-02
  9.2376225E-02  8.8254139E-02  8.4308244E-02  8.0531687E-02  7.6917842E-02

          12         145
  0.9653444      0.9704416      0.9753011      0.9799401      0.9843745    
  0.9886195      0.9926893      0.9965972       1.000356       1.003976    
   1.007470       1.010848       1.014118       1.017290       1.020373    
   1.023373       1.026299       1.029156       1.031952       1.034691    
   1.037380       1.040022       1.042622       1.045185       1.047713    
   1.050210       1.052679       1.055121       1.057539       1.059933    
   1.062306       1.064656       1.066985       1.069292       1.071575    
   1.073833       1.076064       1.078264       1.080430       1.082556    
   1.084637       1.086667       1.088637       1.090538       1.092358    
   1.094087       1.095708       1.097206       1.098563       1.099758    
   1.100767       1.101566       1.102127       1.102419       1.102412    
   1.102069       1.101356       1.100234       1.098666       1.096612    
   1.094034       1.090893       1.087151       1.082774       1.077729    
   1.071987       1.065520       1.058309       1.050335       1.041587    
   1.032059       1.021750       1.010664      0.9988129      0.9862109    
  0.9728803      0.9588469      0.9441417      0.9288000      0.9128604    
  0.8963652      0.8793592      0.8618896      0.8440049      0.8257551    
  0.8071907      0.7883622      0.7693201      0.7501141      0.7307926    
  0.7114030      0.6919907      0.6725994      0.6532705      0.6340433    
  0.6149546      0.5960387      0.5773273      0.5588496      0.5406324    
  0.5226995      0.5050728      0.4877712      0.4708116      0.4542086    
  0.4379745      0.4221195      0.4066521      0.3915788      0.3769044    
  0.3626322      0.3487639      0.3352998      0.3222393      0.3095803    
  0.2973198      0.2854539      0.2739779      0.2628862      0.2521729    
  0.2418311      0.2318538      0.2222333      0.2129618      0.2040310    
  0.1954325      0.1871576      0.1791977      0.1715438      0.1641872    
  0.1571188      0.1503299      0.1438116      0.1375551      0.1315518    
  0.1257932      0.1202708      0.1149763      0.1099017      0.1050389    
  0.1003803      9.5918290E-02  9.1645420E-02  8.7554514E-02  8.3638594E-02

          13         145
  0.9672222      0.9720567      0.9766669      0.9810690      0.9852781    
  0.9893087      0.9931742      0.9968873       1.000460       1.003903    
   1.007227       1.010441       1.013556       1.016578       1.019517    
   1.022380       1.025173       1.027903       1.030576       1.033198    
   1.035773       1.038306       1.040802       1.043265       1.045698    
   1.048103       1.050485       1.052845       1.055185       1.057507    
   1.059812       1.062101       1.064374       1.066631       1.068872    
   1.071095       1.073299       1.075482       1.077640       1.079771    
   1.081869       1.083930       1.085948       1.087914       1.089820    
   1.091656       1.093411       1.095071       1.096622       1.098046    
   1.099324       1.100434       1.101353       1.102055       1.102510    
   1.102689       1.102558       1.102082       1.101224       1.099947    
   1.098213       1.095981       1.093213       1.089871       1.085919    
   1.081321       1.076046       1.070065       1.063354       1.055893    
   1.047665       1.038662       1.028878       1.018315       1.006978    
  0.9948801      0.9820389      0.9684770      0.9542222      0.9393069    
  0.9237671      0.9076432      0.8909779      0.8738168      0.8562077    
  0.8381997      0.8198428      0.8011876      0.7822846      0.7631841    
  0.7439355      0.7245868      0.7051848      0.6857744      0.6663985    
  0.6470980      0.6279112      0.6088741      0.5900203      0.5713807    
  0.5529836      0.5348550      0.5170180      0.4994934      0.4822997    
  0.4654528      0.4489667      0.4328531      0.4171215      0.4017797    
  0.3868338      0.3722880      0.3581450      0.3444062      0.3310716    
  0.3181400      0.3056090      0.2934755      0.2817350      0.2703828    
  0.2594130      0.2488195      0.2385953      0.2287331      0.2192253    
  0.2100639      0.2012405      0.1927466      0.1845736      0.1767127    
  0.1691550      0.1618917      0.1549138      0.1482126      0.1417791    
  0.1356047      0.1296807      0.1239986      0.1185501      0.1133269    
  0.1083211      0.1035246      9.8929763E-02  9.4529130E-02  9.0315327E-02

          14         145
  0.9688672      0.9734705      0.9778610      0.9820543      0.9860647    
  0.9899062      0.9935914      0.9971324       1.000540       1.003826    
   1.006999       1.010070       1.013046       1.015935       1.018746    
   1.021486       1.024160       1.026776       1.029339       1.031855    
   1.034328       1.036763       1.039164       1.041535       1.043880    
   1.046201       1.048502       1.050784       1.053051       1.055304    
   1.057543       1.059771       1.061988       1.064194       1.066389    
   1.068573       1.070743       1.072900       1.075040       1.077161    
   1.079259       1.081331       1.083371       1.085373       1.087331    
   1.089237       1.091080       1.092851       1.094537       1.096123    
   1.097594       1.098931       1.100115       1.101122       1.101928    
   1.102505       1.102824       1.102852       1.102556       1.101901    
   1.100848       1.099360       1.097397       1.094921       1.091892    
   1.088273       1.084029       1.079126       1.073533       1.067223    
   1.060175       1.052369       1.043792       1.034437       1.024302    
   1.013390       1.001709      0.9892753      0.9761077      0.9622316    
  0.9476768      0.9324772      0.9166709      0.9002994      0.8834066    
  0.8660393      0.8482457      0.8300756      0.8115791      0.7928070    
  0.7738096      0.7546369      0.7353376      0.7159593      0.6965479    
  0.6771475      0.6578001      0.6385455      0.6194209      0.6004613    
  0.5816991      0.5631641      0.5448833      0.5268817      0.5091813    
  0.4918018      0.4747605      0.4580726      0.4417509      0.4258061    
  0.4102471      0.3950808      0.3803125      0.3659457      0.3519825    
  0.3384236      0.3252685      0.3125155      0.3001618      0.2882037    
  0.2766366      0.2654553      0.2546538      0.2442254      0.2341632    
  0.2244597      0.2151070      0.2060970      0.1974213      0.1890712    
  0.1810382      0.1733133      0.1658877      0.1587524      0.1518987    
  0.1453177      0.1390005      0.1329386      0.1271233      0.1215462    
  0.1161989      0.1110734      0.1061617      0.1014558      9.6948341E-02

          15         145
  0.9703222      0.9747201      0.9789154      0.9829229      0.9867568    
  0.9904298      0.9939543      0.9973419       1.000603       1.003749    
   1.006787       1.009729       1.012580       1.015351       1.018047    
   1.020676       1.023244       1.025757       1.028220       1.030640    
   1.033020       1.035365       1.037679       1.039967       1.042231    
   1.044474       1.046700       1.048910       1.051108       1.053295    
   1.055472       1.057641       1.059803       1.061957       1.064106    
   1.066247       1.068380       1.070505       1.072619       1.074721    
   1.076809       1.078877       1.080924       1.082944       1.084931    
   1.086879       1.088780       1.090625       1.092404       1.094106    
   1.095716       1.097219       1.098599       1.099835       1.100907    
   1.101789       1.102457       1.102881       1.103029       1.102871    
   1.102369       1.101487       1.100188       1.098433       1.096182    
   1.093397       1.090039       1.086072       1.081461       1.076175    
   1.070183       1.063463       1.055993       1.047759       1.038749    
   1.028960       1.018392       1.007051      0.9949500      0.9821060    
  0.9685417      0.9542851      0.9393683      0.9238275      0.9077027    
  0.8910367      0.8738752      0.8562657      0.8382574      0.8199003    
  0.8012449      0.7823418      0.7632412      0.7439923      0.7246434    
  0.7052411      0.6858304      0.6664541      0.6471531      0.6279657    
  0.6089281      0.5900736      0.5714332      0.5530354      0.5349060    
  0.5170681      0.4995426      0.4823479      0.4655001      0.4490129    
  0.4328981      0.4171655      0.4018226      0.3868755      0.3723286    
  0.3581845      0.3444446      0.3311089      0.3181761      0.3056440    
  0.2935093      0.2817678      0.2704144      0.2594436      0.2488490    
  0.2386238      0.2287606      0.2192519      0.2100894      0.2012651    
  0.1927703      0.1845964      0.1767346      0.1691761      0.1619119    
  0.1549333      0.1482312      0.1417970      0.1356219      0.1296972    
  0.1240144      0.1185653      0.1133415      0.1083350      0.1035379    

          16         145
  0.9716199      0.9758338      0.9798542      0.9836954      0.9873708    
  0.9908928      0.9942732      0.9975231       1.000653       1.003672    
   1.006589       1.009414       1.012154       1.014817       1.017409    
   1.019938       1.022410       1.024829       1.027202       1.029534    
   1.031830       1.034093       1.036328       1.038538       1.040728    
   1.042899       1.045055       1.047198       1.049332       1.051456    
   1.053574       1.055686       1.057794       1.059898       1.061999    
   1.064097       1.066192       1.068282       1.070366       1.072444    
   1.074513       1.076570       1.078612       1.080636       1.082636    
   1.084608       1.086545       1.088439       1.090282       1.092064    
   1.093775       1.095400       1.096925       1.098334       1.099608    
   1.100726       1.101665       1.102399       1.102900       1.103139    
   1.103082       1.102695       1.101943       1.100788       1.099191    
   1.097112       1.094514       1.091357       1.087603       1.083219    
   1.078170       1.072426       1.065963       1.058757       1.050791    
   1.042054       1.032538       1.022243       1.011172      0.9993364    
  0.9867514      0.9734378      0.9594216      0.9447336      0.9294083    
  0.9134846      0.8970045      0.8800125      0.8625555      0.8446823    
  0.8264426      0.8078867      0.7890653      0.7700287      0.7508265    
  0.7315075      0.7121187      0.6927058      0.6733124      0.6539802    
  0.6347482      0.6156536      0.5967305      0.5780109      0.5595240    
  0.5412967      0.5233529      0.5057145      0.4884007      0.4714283    
  0.4548119      0.4385640      0.4226950      0.4072132      0.3921254    
  0.3774363      0.3631493      0.3492661      0.3357873      0.3227120    
  0.3100383      0.2977632      0.2858829      0.2743927      0.2632870    
  0.2525599      0.2422046      0.2322140      0.2225806      0.2132964    
  0.2043532      0.1957427      0.1874561      0.1794847      0.1718198    
  0.1644524      0.1573736      0.1505746      0.1440465      0.1377805    
  0.1317681      0.1260006      0.1204696      0.1151669      0.1100844    

          17         145
  0.9727857      0.9768336      0.9806964      0.9843876      0.9879199    
  0.9913056      0.9945558      0.9976811       1.000692       1.003596    
   1.006404       1.009124       1.011762       1.014328       1.016826    
   1.019264       1.021647       1.023981       1.026272       1.028524    
   1.030742       1.032930       1.035091       1.037231       1.039351    
   1.041456       1.043547       1.045628       1.047700       1.049766    
   1.051827       1.053886       1.055942       1.057997       1.060052    
   1.062107       1.064161       1.066215       1.068267       1.070317    
   1.072363       1.074402       1.076432       1.078451       1.080454    
   1.082436       1.084393       1.086318       1.088204       1.090043    
   1.091825       1.093539       1.095173       1.096712       1.098140    
   1.099440       1.100590       1.101568       1.102350       1.102907    
   1.103210       1.103228       1.102927       1.102270       1.101221    
   1.099741       1.097790       1.095331       1.092324       1.088732    
   1.084518       1.079648       1.074093       1.067824       1.060818    
   1.053057       1.044528       1.035222       1.025137       1.014274    
   1.002644      0.9902593      0.9771404      0.9633113      0.9488017    
  0.9336452      0.9178796      0.9015459      0.8846880      0.8673523    
  0.8495871      0.8314417      0.8129665      0.7942121      0.7752289    
  0.7560667      0.7367746      0.7174001      0.6979893      0.6785863    
  0.6592333      0.6399703      0.6208347      0.6018616      0.5830836    
  0.5645306      0.5462301      0.5282069      0.5104834      0.4930795    
  0.4760126      0.4592981      0.4429488      0.4269757      0.4113879    
  0.3961923      0.3813942      0.3669975      0.3530044      0.3394155    
  0.3262306      0.3134478      0.3010646      0.2890773      0.2774814    
  0.2662717      0.2554422      0.2449864      0.2348973      0.2251674    
  0.2157890      0.2067538      0.1980536      0.1896797      0.1816234    
  0.1738760      0.1664285      0.1592720      0.1523977      0.1457968    
  0.1394603      0.1333798      0.1275465      0.1219519      0.1165879    

          18         145
  0.9738397      0.9777372      0.9814568      0.9850118      0.9884145    
  0.9916763      0.9948080      0.9978202       1.000722       1.003523    
   1.006231       1.008855       1.011401       1.013877       1.016289    
   1.018643       1.020946       1.023202       1.025418       1.027596    
   1.029742       1.031861       1.033955       1.036029       1.038085    
   1.040128       1.042159       1.044181       1.046196       1.048207    
   1.050215       1.052222       1.054229       1.056237       1.058246    
   1.060259       1.062273       1.064290       1.066309       1.068328    
   1.070348       1.072365       1.074379       1.076386       1.078383    
   1.080367       1.082333       1.084275       1.086189       1.088066    
   1.089898       1.091677       1.093392       1.095029       1.096576    
   1.098016       1.099331       1.100502       1.101507       1.102320    
   1.102916       1.103264       1.103334       1.103092       1.102502    
   1.101528       1.100131       1.098272       1.095913       1.093013    
   1.089536       1.085445       1.080705       1.075285       1.069157    
   1.062297       1.054686       1.046308       1.037155       1.027223    
   1.016514       1.005034      0.9927969      0.9798213      0.9661307    
  0.9517533      0.9367221      0.9210740      0.9048495      0.8880920    
  0.8708475      0.8531635      0.8350897      0.8166759      0.7979729    
  0.7790312      0.7599006      0.7406303      0.7212685      0.7018612    
  0.6824531      0.6630868      0.6438028      0.6246389      0.6056306    
  0.5868112      0.5682111      0.5498582      0.5317779      0.5139929    
  0.4965238      0.4793884      0.4626024      0.4461794      0.4301305    
  0.4144652      0.3991909      0.3843133      0.3698363      0.3557626    
  0.3420931      0.3288277      0.3159649      0.3035023      0.2914364    
  0.2797628      0.2684765      0.2575717      0.2470419      0.2368803    
  0.2270794      0.2176316      0.2085286      0.1997623      0.1913240    
  0.1832051      0.1753967      0.1678901      0.1606763      0.1537465    
  0.1470917      0.1407032      0.1345723      0.1286904      0.1230489    

          19         145
  0.9747981      0.9785584      0.9821475      0.9855782      0.9888623    
  0.9920110      0.9950348      0.9979435       1.000746       1.003452    
   1.006069       1.008604       1.011066       1.013460       1.015793    
   1.018071       1.020300       1.022484       1.024630       1.026740    
   1.028821       1.030875       1.032907       1.034920       1.036917    
   1.038901       1.040876       1.042843       1.044805       1.046763    
   1.048721       1.050679       1.052639       1.054601       1.056568    
   1.058538       1.060514       1.062494       1.064478       1.066467    
   1.068458       1.070451       1.072444       1.074435       1.076422    
   1.078400       1.080367       1.082317       1.084247       1.086149    
   1.088016       1.089841       1.091615       1.093326       1.094963    
   1.096512       1.097957       1.099281       1.100464       1.101484    
   1.102317       1.102936       1.103312       1.103415       1.103211    
   1.102664       1.101738       1.100395       1.098597       1.096302    
   1.093474       1.090073       1.086062       1.081408       1.076079    
   1.070045       1.063282       1.055771       1.047495       1.038445    
   1.028616       1.018009       1.006631      0.9944943      0.9816157    
  0.9680188      0.9537312      0.9387853      0.9232173      0.9070674    
  0.8903785      0.8731963      0.8555683      0.8375437      0.8191726    
  0.8005053      0.7815925      0.7624844      0.7432300      0.7238776    
  0.7044737      0.6850632      0.6656888      0.6463914      0.6272091    
  0.6081780      0.5893313      0.5707000      0.5523123      0.5341939    
  0.5163679      0.4988552      0.4816739      0.4648401      0.4483675    
  0.4322678      0.4165503      0.4012231      0.3862918      0.3717608    
  0.3576327      0.3439088      0.3305891      0.3176723      0.3051560    
  0.2930369      0.2813109      0.2699728      0.2590170      0.2484372    
  0.2382264      0.2283774      0.2188825      0.2097337      0.2009225    
  0.1924406      0.1842792      0.1764296      0.1688829      0.1616302    
  0.1546627      0.1479715      0.1415476      0.1353826      0.1294676    

          20         145
  0.9756740      0.9793085      0.9827780      0.9860947      0.9892701    
  0.9923151      0.9952397      0.9980534       1.000765       1.003384    
   1.005916       1.008371       1.010754       1.013073       1.015334    
   1.017541       1.019702       1.021820       1.023901       1.025949    
   1.027968       1.029963       1.031936       1.033893       1.035834    
   1.037765       1.039686       1.041602       1.043513       1.045423    
   1.047333       1.049245       1.051159       1.053078       1.055003    
   1.056933       1.058870       1.060814       1.062764       1.064721    
   1.066684       1.068651       1.070621       1.072593       1.074564    
   1.076532       1.078494       1.080445       1.082382       1.084298    
   1.086189       1.088047       1.089864       1.091630       1.093336    
   1.094970       1.096517       1.097962       1.099287       1.100474    
   1.101500       1.102341       1.102971       1.103361       1.103480    
   1.103295       1.102771       1.101871       1.100557       1.098790    
   1.096532       1.093742       1.090382       1.086417       1.081810    
   1.076531       1.070549       1.063841       1.056386       1.048167    
   1.039175       1.029404       1.018855       1.007534      0.9954535    
  0.9826300      0.9690862      0.9548496      0.9399520      0.9244297    
  0.9083223      0.8916726      0.8745260      0.8569301      0.8389338    
  0.8205871      0.8019404      0.7830445      0.7639494      0.7447044    
  0.7253577      0.7059561      0.6865444      0.6671659      0.6478611    
  0.6286687      0.6096248      0.5907629      0.5721141      0.5537068    
  0.5355670      0.5177180      0.5001807      0.4829735      0.4661126    
  0.4496121      0.4334835      0.4177366      0.4023792      0.3874176    
  0.3728559      0.3586970      0.3449422      0.3315917      0.3186442    
  0.3060974      0.2939482      0.2821923      0.2708248      0.2598400    
  0.2492317      0.2389931      0.2291168      0.2195951      0.2104201    
  0.2015835      0.1930767      0.1848912      0.1770181      0.1694486    
  0.1621738      0.1551848      0.1484727      0.1420288      0.1358443    

          21         145
  0.9764781      0.9799968      0.9833562      0.9865680      0.9896433    
  0.9925927      0.9954259      0.9981521       1.000780       1.003318    
   1.005773       1.008153       1.010464       1.012713       1.014906    
   1.017049       1.019146       1.021202       1.023224       1.025213    
   1.027176       1.029115       1.031035       1.032938       1.034828    
   1.036708       1.038580       1.040447       1.042311       1.044175    
   1.046039       1.047907       1.049779       1.051656       1.053540    
   1.055432       1.057332       1.059240       1.061156       1.063081    
   1.065014       1.066954       1.068901       1.070851       1.072805    
   1.074759       1.076711       1.078658       1.080595       1.082519    
   1.084424       1.086304       1.088151       1.089959       1.091717    
   1.093416       1.095043       1.096584       1.098024       1.099345    
   1.100529       1.101553       1.102393       1.103023       1.103414    
   1.103535       1.103353       1.102833       1.101938       1.100631    
   1.098872       1.096622       1.093842       1.090494       1.086541    
   1.081948       1.076683       1.070716       1.064024       1.056584    
   1.048383       1.039407       1.029654       1.019122       1.007819    
  0.9957555      0.9829486      0.9694210      0.9552000      0.9403172    
  0.9248088      0.9087145      0.8920768      0.8749413      0.8573552    
  0.8393676      0.8210285      0.8023883      0.7834976      0.7644066    
  0.7451645      0.7258196      0.7064186      0.6870067      0.6676268    
  0.6483198      0.6291243      0.6100764      0.5912098      0.5725555    
  0.5541422      0.5359958      0.5181395      0.5005946      0.4833793    
  0.4665101      0.4500008      0.4338632      0.4181071      0.4027404    
  0.3877693      0.3731980      0.3590295      0.3452651      0.3319049    
  0.3189479      0.3063917      0.2942330      0.2824678      0.2710911    
  0.2600973      0.2494801      0.2392327      0.2293478      0.2198178    
  0.2106347      0.2017901      0.1932756      0.1850825      0.1772020    
  0.1696254      0.1623437      0.1553480      0.1486295      0.1421793    

          22         145
  0.9772195      0.9806312      0.9838887      0.9870036      0.9899864    
  0.9928474      0.9955959      0.9982411       1.000791       1.003254    
   1.005638       1.007948       1.010193       1.012378       1.014508    
   1.016590       1.018628       1.020627       1.022593       1.024528    
   1.026438       1.028325       1.030194       1.032048       1.033890    
   1.035722       1.037547       1.039369       1.041188       1.043008    
   1.044830       1.046656       1.048487       1.050325       1.052170    
   1.054025       1.055888       1.057761       1.059645       1.061538    
   1.063442       1.065354       1.067276       1.069204       1.071138    
   1.073076       1.075015       1.076953       1.078887       1.080812    
   1.082723       1.084617       1.086486       1.088323       1.090121    
   1.091869       1.093559       1.095176       1.096708       1.098139    
   1.099452       1.100626       1.101640       1.102470       1.103090    
   1.103471       1.103581       1.103387       1.102855       1.101948    
   1.100627       1.098854       1.096589       1.093793       1.090429    
   1.086459       1.081848       1.076564       1.070579       1.063867    
   1.056409       1.048187       1.039193       1.029419       1.018869    
   1.007546      0.9954637      0.9826388      0.9690937      0.9548559    
  0.9399574      0.9244342      0.9083261      0.8916758      0.8745287    
  0.8569323      0.8389356      0.8205885      0.8019416      0.7830455    
  0.7639501      0.7447050      0.7253581      0.7059564      0.6865447    
  0.6671660      0.6478612      0.6286688      0.6096248      0.5907629    
  0.5721141      0.5537068      0.5355669      0.5177179      0.5001806    
  0.4829734      0.4661126      0.4496120      0.4334834      0.4177365    
  0.4023792      0.3874175      0.3728559      0.3586969      0.3449422    
  0.3315917      0.3186441      0.3060974      0.2939482      0.2821923    
  0.2708248      0.2598400      0.2492317      0.2389931      0.2291167    
  0.2195951      0.2104201      0.2015834      0.1930767      0.1848912    
  0.1770181      0.1694486      0.1621738      0.1551848      0.1484727    

          23         145
  0.9779054      0.9812180      0.9843811      0.9874059      0.9903029    
  0.9930817      0.9957519      0.9983219       1.000800       1.003193    
   1.005510       1.007756       1.009939       1.012063       1.014135    
   1.016161       1.018144       1.020090       1.022004       1.023888    
   1.025748       1.027587       1.029409       1.031216       1.033012    
   1.034800       1.036582       1.038360       1.040138       1.041916    
   1.043698       1.045484       1.047276       1.049076       1.050884    
   1.052702       1.054531       1.056370       1.058222       1.060084    
   1.061958       1.063843       1.065739       1.067644       1.069557    
   1.071476       1.073401       1.075327       1.077253       1.079175    
   1.081088       1.082989       1.084872       1.086730       1.088557    
   1.090343       1.092081       1.093759       1.095365       1.096885    
   1.098303       1.099601       1.100761       1.101759       1.102571    
   1.103172       1.103531       1.103618       1.103400       1.102840    
   1.101903       1.100550       1.098743       1.096441       1.093606    
   1.090200       1.086186       1.081529       1.076198       1.070163    
   1.063400       1.055889       1.047615       1.038567       1.028741    
   1.018137       1.006762      0.9946287      0.9817541      0.9681610    
  0.9538773      0.9389353      0.9233711      0.9072250      0.8905395    
  0.8733605      0.8557354      0.8377134      0.8193445      0.8006791    
  0.7817680      0.7626609      0.7434074      0.7240553      0.7046515    
  0.6852406      0.6658657      0.6465672      0.6273836      0.6083509    
  0.5895023      0.5708688      0.5524788      0.5343578      0.5165291    
  0.4990134      0.4818290      0.4649920      0.4485160      0.4324128    
  0.4166919      0.4013610      0.3864261      0.3718914      0.3577597    
  0.3440321      0.3307087      0.3177882      0.3052683      0.2931457    
  0.2814160      0.2700745      0.2591152      0.2485320      0.2383179    
  0.2284657      0.2189676      0.2098156      0.2010014      0.1925165    
  0.1843522      0.1764998      0.1689504      0.1616951      0.1547250    

          24         145
  0.9785423      0.9817626      0.9848379      0.9877790      0.9905959    
  0.9932985      0.9958954      0.9983953       1.000806       1.003135    
   1.005389       1.007576       1.009700       1.011768       1.013786    
   1.015759       1.017691       1.019587       1.021451       1.023289    
   1.025102       1.026896       1.028673       1.030437       1.032190    
   1.033936       1.035676       1.037414       1.039152       1.040891    
   1.042634       1.044382       1.046137       1.047901       1.049674    
   1.051457       1.053252       1.055059       1.056879       1.058711    
   1.060556       1.062414       1.064283       1.066164       1.068056    
   1.069956       1.071864       1.073776       1.075692       1.077607    
   1.079518       1.081421       1.083311       1.085183       1.087031    
   1.088847       1.090622       1.092348       1.094013       1.095604    
   1.097109       1.098510       1.099790       1.100929       1.101904    
   1.102691       1.103264       1.103592       1.103645       1.103389    
   1.102788       1.101806       1.100404       1.098543       1.096184    
   1.093288       1.089817       1.085734       1.081005       1.075598    
   1.069485       1.062642       1.055049       1.046692       1.037560    
   1.027650       1.016962       1.005505      0.9932907      0.9803375    
  0.9666688      0.9523127      0.9373020      0.9216734      0.9054671    
  0.8887265      0.8714973      0.8538272      0.8357656      0.8173625    
  0.7986683      0.7797337      0.7606087      0.7413422      0.7219824    
  0.7025757      0.6831666      0.6637979      0.6445099      0.6253408    
  0.6063262      0.5874991      0.5688904      0.5505279      0.5324371    
  0.5146409      0.4971598      0.4800119      0.4632128      0.4467762    
  0.4307134      0.4150339      0.3997451      0.3848528      0.3703611    
  0.3562725      0.3425882      0.3293080      0.3164305      0.3039532    
  0.2918728      0.2801849      0.2688845      0.2579658      0.2474223    
  0.2372473      0.2274333      0.2179726      0.2088571      0.2000786    
  0.1916284      0.1834979      0.1756783      0.1681608      0.1609364    

          25         145
  0.9791355      0.9822698      0.9852630      0.9881259      0.9908683    
  0.9934995      0.9960281      0.9984625       1.000810       1.003079    
   1.005275       1.007405       1.009475       1.011491       1.013458    
   1.015381       1.017265       1.019114       1.020933       1.022726    
   1.024496       1.026247       1.027982       1.029704       1.031417    
   1.033123       1.034825       1.036524       1.038224       1.039926    
   1.041633       1.043345       1.045065       1.046794       1.048533    
   1.050283       1.052045       1.053821       1.055610       1.057412    
   1.059229       1.061059       1.062903       1.064760       1.066629    
   1.068509       1.070399       1.072296       1.074199       1.076105    
   1.078010       1.079912       1.081805       1.083686       1.085548    
   1.087384       1.089189       1.090952       1.092664       1.094314    
   1.095889       1.097375       1.098756       1.100013       1.101126    
   1.102072       1.102827       1.103363       1.103651       1.103659    
   1.103353       1.102697       1.101655       1.100188       1.098256    
   1.095820       1.092842       1.089284       1.085109       1.080283    
   1.074776       1.068558       1.061608       1.053905       1.045436    
   1.036192       1.026169       1.015370       1.003803      0.9914813    
  0.9784235      0.9646540      0.9502016      0.9350997      0.9193854    
  0.9030997      0.8862858      0.8689904      0.8512610      0.8331472    
  0.8146991      0.7959673      0.7770023      0.7578539      0.7385710    
  0.7192017      0.6997919      0.6803861      0.6610264      0.6417532    
  0.6226040      0.6036143      0.5848168      0.5662417      0.5479167    
  0.5298668      0.5121145      0.4946801      0.4775813      0.4608335    
  0.4444498      0.4284414      0.4128175      0.3975853      0.3827502    
  0.3683162      0.3542855      0.3406592      0.3274368      0.3146169    
  0.3021967      0.2901729      0.2785409      0.2672956      0.2564311    
  0.2459409      0.2358181      0.2260553      0.2166446      0.2075779    
  0.1988470      0.1904431      0.1823578      0.1745820      0.1671071    

          26         145
  0.9796897      0.9827433      0.9856598      0.9884496      0.9911221    
  0.9936865      0.9961511      0.9985242       1.000813       1.003025    
   1.005166       1.007244       1.009263       1.011229       1.013148    
   1.015025       1.016864       1.018669       1.020445       1.022196    
   1.023925       1.025635       1.027331       1.029015       1.030690    
   1.032358       1.034023       1.035686       1.037350       1.039017    
   1.040689       1.042367       1.044053       1.045748       1.047455    
   1.049173       1.050904       1.052649       1.054408       1.056182    
   1.057971       1.059775       1.061593       1.063426       1.065272    
   1.067131       1.069002       1.070883       1.072771       1.074666    
   1.076563       1.078460       1.080353       1.082237       1.084108    
   1.085960       1.087786       1.089578       1.091328       1.093025    
   1.094658       1.096214       1.097679       1.099035       1.100265    
   1.101346       1.102258       1.102973       1.103465       1.103703    
   1.103655       1.103288       1.102565       1.101448       1.099899    
   1.097879       1.095349       1.092270       1.088603       1.084314    
   1.079369       1.073736       1.067390       1.060307       1.052469    
   1.043862       1.034480       1.024319       1.013382       1.001680    
  0.9892258      0.9760398      0.9621469      0.9475767      0.9323633    
  0.9165447      0.9001619      0.8832593      0.8658834      0.8480822    
  0.8299055      0.8114034      0.7926266      0.7736254      0.7544496    
  0.7351481      0.7157682      0.6963558      0.6769551      0.6576079    
  0.6383539      0.6192305      0.6002725      0.5815122      0.5629795    
  0.5447013      0.5267025      0.5090052      0.4916289      0.4745912    
  0.4579068      0.4415888      0.4256479      0.4100929      0.3949306    
  0.3801663      0.3658035      0.3518444      0.3382896      0.3251386    
  0.3123896      0.3000399      0.2880858      0.2765226      0.2653452    
  0.2545474      0.2441228      0.2340642      0.2243643      0.2150151    
  0.2060084      0.1973360      0.1889892      0.1809593      0.1732374    

          27         145
  0.9802086      0.9831867      0.9860312      0.9887523      0.9913593    
  0.9938610      0.9962655      0.9985809       1.000815       1.002973    
   1.005063       1.007091       1.009062       1.010982       1.012856    
   1.014689       1.016486       1.018249       1.019985       1.021696    
   1.023386       1.025059       1.026717       1.028364       1.030003    
   1.031636       1.033266       1.034894       1.036524       1.038158    
   1.039796       1.041442       1.043095       1.044759       1.046435    
   1.048122       1.049823       1.051539       1.053269       1.055015    
   1.056777       1.058554       1.060347       1.062156       1.063980    
   1.065818       1.067669       1.069532       1.071406       1.073287    
   1.075174       1.077064       1.078954       1.080838       1.082714    
   1.084576       1.086417       1.088232       1.090011       1.091746    
   1.093426       1.095041       1.096575       1.098015       1.099344    
   1.100541       1.101586       1.102456       1.103125       1.103564    
   1.103743       1.103630       1.103189       1.102386       1.101180    
   1.099535       1.097411       1.094768       1.091568       1.087774    
   1.083350       1.078263       1.072483       1.065985       1.058745    
   1.050747       1.041979       1.032434       1.022110       1.011013    
  0.9991528      0.9865443      0.9732086      0.9591720      0.9444647    
  0.9291220      0.9131823      0.8966874      0.8796823      0.8622137    
  0.8443302      0.8260816      0.8075181      0.7886904      0.7696487    
  0.7504428      0.7311210      0.7117306      0.6923171      0.6729242    
  0.6535932      0.6343633      0.6152715      0.5963520      0.5776367    
  0.5591547      0.5409328      0.5229950      0.5053629      0.4880557    
  0.4710903      0.4544813      0.4382409      0.4223796      0.4069057    
  0.3918259      0.3771449      0.3628660      0.3489909      0.3355203    
  0.3224531      0.3097875      0.2975204      0.2856480      0.2741655    
  0.2630676      0.2523480      0.2420001      0.2320168      0.2223905    
  0.2131132      0.2041769      0.1955729      0.1872927      0.1793276    

          28         145
  0.9806959      0.9836029      0.9863797      0.9890362      0.9915814    
  0.9940241      0.9963722      0.9986334       1.000815       1.002923    
   1.004965       1.006946       1.008873       1.010749       1.012580    
   1.014372       1.016128       1.017853       1.019550       1.021224    
   1.022877       1.024514       1.026137       1.027749       1.029354    
   1.030953       1.032549       1.034145       1.035743       1.037344    
   1.038951       1.040566       1.042189       1.043822       1.045468    
   1.047126       1.048798       1.050485       1.052187       1.053906    
   1.055641       1.057393       1.059161       1.060947       1.062748    
   1.064565       1.066396       1.068241       1.070098       1.071966    
   1.073841       1.075722       1.077606       1.079488       1.081365    
   1.083233       1.085085       1.086916       1.088718       1.090483    
   1.092203       1.093865       1.095458       1.096968       1.098380    
   1.099676       1.100837       1.101841       1.102663       1.103277    
   1.103656       1.103767       1.103577       1.103052       1.102155    
   1.100847       1.099091       1.096846       1.094074       1.090735    
   1.086794       1.082215       1.076965       1.071017       1.064343    
   1.056925       1.048745       1.039792       1.030062       1.019555    
   1.008275      0.9962355      0.9834524      0.9699479      0.9557492    
  0.9408879      0.9254000      0.9093247      0.8927048      0.8755854    
  0.8580140      0.8400394      0.8217115      0.8030809      0.7841979    
  0.7651129      0.7458751      0.7265328      0.7071329      0.6877204    
  0.6683384      0.6490279      0.6298276      0.6107736      0.5918996    
  0.5732370      0.5548143      0.5366576      0.5187903      0.5012336    
  0.4840059      0.4671237      0.4506009      0.4344494      0.4186792    
  0.4032981      0.3883124      0.3737263      0.3595430      0.3457638    
  0.3323888      0.3194169      0.3068460      0.2946728      0.2828932    
  0.2715023      0.2604946      0.2498637      0.2396028      0.2297048    
  0.2201619      0.2109661      0.2021092      0.1935827      0.1853780    

          29         145
  0.9811545      0.9839945      0.9867074      0.9893031      0.9917902    
  0.9941772      0.9964719      0.9986820       1.000814       1.002875    
   1.004872       1.006809       1.008692       1.010527       1.012319    
   1.014071       1.015789       1.017477       1.019138       1.020776    
   1.022395       1.023998       1.025587       1.027167       1.028739    
   1.030306       1.031871       1.033436       1.035002       1.036573    
   1.038150       1.039735       1.041328       1.042933       1.044549    
   1.046179       1.047824       1.049483       1.051159       1.052851    
   1.054560       1.056287       1.058031       1.059793       1.061572    
   1.063368       1.065179       1.067006       1.068846       1.070698    
   1.072561       1.074431       1.076307       1.078185       1.080061    
   1.081931       1.083790       1.085633       1.087452       1.089242    
   1.090992       1.092694       1.094336       1.095905       1.097388    
   1.098769       1.100029       1.101148       1.102103       1.102872    
   1.103425       1.103734       1.103767       1.103491       1.102870    
   1.101866       1.100443       1.098560       1.096179       1.093260    
   1.089765       1.085658       1.080904       1.075472       1.069334    
   1.062466       1.054847       1.046464       1.037306       1.027370    
   1.016658       1.005177      0.9929388      0.9799628      0.9662722    
  0.9518953      0.9368650      0.9212181      0.9049948      0.8882386    
  0.8709953      0.8533127      0.8352400      0.8168274      0.7981252    
  0.7791841      0.7600540      0.7407840      0.7214221      0.7020145    
  0.6826059      0.6632389      0.6439537      0.6247885      0.6057788    
  0.5869577      0.5683557      0.5500007      0.5319180      0.5141307    
  0.4966590      0.4795209      0.4627322      0.4463062      0.4302544    
  0.4145861      0.3993087      0.3844280      0.3699479      0.3558710    
  0.3421984      0.3289298      0.3160639      0.3035982      0.2915292    
  0.2798526      0.2685633      0.2576556      0.2471229      0.2369584    
  0.2271547      0.2177041      0.2085985      0.1998296      0.1913888    

          30         145
  0.9815869      0.9843636      0.9870163      0.9895545      0.9919866    
  0.9943210      0.9965655      0.9987273       1.000813       1.002829    
   1.004783       1.006678       1.008521       1.010317       1.012071    
   1.013786       1.015468       1.017121       1.018748       1.020352    
   1.021938       1.023508       1.025066       1.026614       1.028155    
   1.029692       1.031227       1.032762       1.034299       1.035841    
   1.037389       1.038945       1.040511       1.042087       1.043676    
   1.045279       1.046896       1.048530       1.050179       1.051846    
   1.053530       1.055232       1.056953       1.058692       1.060448    
   1.062223       1.064015       1.065822       1.067645       1.069482    
   1.071331       1.073190       1.075056       1.076927       1.078799    
   1.080669       1.082532       1.084383       1.086216       1.088024    
   1.089799       1.091533       1.093216       1.094835       1.096378    
   1.097831       1.099176       1.100395       1.101468       1.102370    
   1.103077       1.103561       1.103792       1.103738       1.103364    
   1.102635       1.101514       1.099961       1.097937       1.095403    
   1.092321       1.088652       1.084361       1.079414       1.073780    
   1.067433       1.060349       1.052510       1.043904       1.034521    
   1.024361       1.013425       1.001724      0.9892703      0.9760852    
  0.9621933      0.9476241      0.9324117      0.9165940      0.9002122    
  0.8833106      0.8659354      0.8481350      0.8299590      0.8114576    
  0.7926812      0.7736804      0.7545049      0.7352034      0.7158237    
  0.6964113      0.6770104      0.6576629      0.6384086      0.6192847    
  0.6003262      0.5815653      0.5630317      0.5447529      0.5267532    
  0.5090550      0.4916779      0.4746391      0.4579538      0.4416347    
  0.4256927      0.4101365      0.3949731      0.3802077      0.3658437    
  0.3518835      0.3383276      0.3251754      0.3124253      0.3000745    
  0.2881192      0.2765549      0.2653764      0.2545775      0.2441519    
  0.2340923      0.2243913      0.2150412      0.2060336      0.1973602    

